0    0               1.0
33   3131            150.0625
34   3141            370.5625
44   4141            915.0625
333  313131          1838.265625
334  313141          4539.390625
344  314141          11209.515625
444  414141          27680.640625
3 31               12.25 
4 41               30.25  
5 51               60.0625 
5 52               64. 
6 61               100. 
6 62               217.5625 
6 63               280.5625 
7 71               252.015625 
7 72               156.25 
7 73               361. 
7 74               289. 
7 75               552.25 
7 76               564.0625 
7 77               663.0625 
8 81	           210.250000000000000	   
8 82	           984.390625000000000	   
8 83	           361.000000000000000	   
8 84	           676.000000000000000	   
8 85	          1287.015625000000000	   
8 86	           930.250000000000000	   
8 87	          1472.640625000000000	   
8 88	          1056.250000000000000	   
8 89	          1630.140625000000000	   
8 810	          1838.265625000000000	   
8 811	          1225.000000000000000	   
8 812	          1207.562500000000000	   
8 813	          1369.000000000000000	   
8 814	          1560.250000000000000	   
8 815	          1914.062500000000000	   
8 816	          2929.515625000000000	   
8 817	          3150.015625000000000	   
8 818	          4539.390625000000000	   
8 819	           129.390625000000000	   
8 820	           150.062500000000000	   
8 821	           370.562500000000000	 
9 91	          1020.003906250000000	   
9 92	           289.000000000000000	   
9 93	          1560.250000000000000	   
9 94	           915.062500000000000	   
9 95	           676.000000000000000	   
9 96	          2575.562500000000000	   
9 97	          1540.562500000000000	   
9 98	          1560.250000000000000	   
9 99	          3052.562500000000000	   
9 910	          2116.000000000000000	   
9 911	          2902.515625000000000	   
9 912	          1936.000000000000000	   
9 913	          2550.250000000000000	   
9 914	          2116.000000000000000	   
9 915	          2352.250000000000000	   
9 916	          4422.250000000000000	   
9 917	          3705.765625000000000	   
9 918	          3025.000000000000000	   
9 919	          2550.250000000000000	   
9 920	          3953.265625000000000	   
9 921	          2809.000000000000000	   
9 922	          4273.890625000000000	   
9 923	          3540.250000000000000	   
9 924	          4539.390625000000000	   
9 925	          3570.062500000000000	   
9 926	          4882.515625000000000	   
9 927	          5166.015625000000000	   
9 928	          5531.640625000000000	   
9 929	          5531.640625000000000	   
9 930	          5833.140625000000000	   
9 931	          6221.265625000000000	   
9 932	          7331.640625000000000	   
9 933	          7678.140625000000000	   
9 934	          9336.390625000000000	   
9 935	           930.250000000000000	   
9 936	          3407.640625000000000	   
9 937	          3025.000000000000000	   
9 938	          5662.562500000000000	   
9 939	          4726.562500000000000	   
9 940	         11209.515625000000000	   
9 941	          3813.062500000000000	   
9 942	           105.062500000000000	   
9 943	           722.265625000000000	   
9 944	           451.562500000000000	   
9 945	           798.062500000000000	   
9 946	           100.000000000000000	   
9 947	          2036.265625000000000	   
9 948	          1072.562500000000000	   
9 949	          1207.562500000000000	 
10 101	           361.000000000000000	   
10 102	          4056.097656250000000	   
10 103	           784.000000000000000	   
10 104	          1387.562500000000000	   
10 105	          3730.761718750000000	   
10 106	          4389.062500000000000	   
10 107	          3052.562500000000000	   
10 108	          3025.000000000000000	   
10 109	          7428.285156250000000	   
10 1010	          3277.562500000000000	   
10 1011	          3306.250000000000000	   
10 1012	          6045.062500000000000	   
10 1013	          4096.000000000000000	   
10 1014	          8695.562500000000000	   
10 1015	          5365.562500000000000	   
10 1016	          3844.000000000000000	   
10 1017	          4948.011718750000000	   
10 1018	          5041.000000000000000	   
10 1019	          7140.250000000000000	   
10 1020	          2139.062500000000000	 
10 1021	          6006.250000000000000	   
10 1022	          6360.062500000000000	   
10 1023	          8742.250000000000000	   
10 1024	          5041.000000000000000	   
10 1025	         10455.062500000000000	   
10 1026	          9120.250000000000000	   
10 1027	         11935.562500000000000	   
10 1028	          4692.250000000000000	   
10 1029	          8533.140625000000000	   
10 1030	          7140.250000000000000	   
10 1031	          5329.000000000000000	   
10 1032	         11395.562500000000000	   
10 1033	          6724.000000000000000	   
10 1034	          2328.062500000000000	   
10 1035	          3540.250000000000000	   
10 1036	          4128.062500000000000	   
10 1037	          4692.250000000000000	   
10 1038	          5700.250000000000000	   
10 1039	          9555.062500000000000	   
10 1040	         12939.062500000000000	 
10 1041	         10276.890625000000000	   
10 1042	         12628.140625000000000	   
10 1043	         10686.390625000000000	   
10 1044	         12182.640625000000000	   
10 1045	         14731.890625000000000	   
10 1046	          5615.628906250000000	   
10 1047	          8178.941406250000000	   
10 1048	          9887.816406250000000	   
10 1049	         10276.890625000000000	   
10 1050	          7482.250000000000000	   
10 1051	         10506.250000000000000	   
10 1052	          8742.250000000000000	   
10 1053	          9120.250000000000000	   
10 1054	          6045.062500000000000	   
10 1055	          6360.062500000000000	   
10 1056	         10455.062500000000000	   
10 1057	         13983.062500000000000	   
10 1058	          6360.062500000000000	   
10 1059	         11209.515625000000000	   
10 1060	         13659.765625000000000	 
10 1061	          3540.250000000000000	   
10 1062	          9013.128906250000000	   
10 1063	          5662.562500000000000	   
10 1064	         10391.253906250000000	   
10 1065	          9604.000000000000000	   
10 1066	         14792.640625000000000	   
10 1067	          6400.000000000000000	   
10 1068	          5329.000000000000000	   
10 1069	         14250.390625000000000	   
10 1070	          9384.765625000000000	   
10 1071	         11637.015625000000000	   
10 1072	         12882.250000000000000	   
10 1073	         13196.265625000000000	   
10 1074	          6400.000000000000000	   
10 1075	         12628.140625000000000	   
10 1076	          8281.000000000000000	   
10 1077	          9604.000000000000000	   
10 1078	          9776.265625000000000	   
10 1079	         13268.160156250000000	   
10 1080	         13718.265625000000000	 
10 1081	         14190.765625000000000	   
10 1082	         15765.941406250000000	   
10 1083	         15625.000000000000000	   
10 1084	         16770.250000000000000	   
10 1085	         14057.066406250000000	   
10 1086	         16129.000000000000000	   
10 1087	         15006.250000000000000	   
10 1088	         18803.265625000000000	   
10 1089	         18258.765625000000000	   
10 1090	         13398.062500000000000	   
10 1091	         19268.910156250000000	   
10 1092	         17889.062500000000000	   
10 1093	         10972.562500000000000	   
10 1094	         18717.660156250000000	   
10 1095	         17956.000000000000000	   
10 1096	         15844.515625000000000	   
10 1097	         11935.562500000000000	   
10 1098	         15006.250000000000000	   
10 1099	         22518.753906250000000	   
10 10100	         16851.285156250000000	 
10 10101	         12376.562500000000000	   
10 10102	         12376.562500000000000	   
10 10103	         12939.062500000000000	   
10 10104	         20538.472656250000000	   
10 10105	         15907.515625000000000	   
10 10106	         19969.222656250000000	   
10 10107	         16416.015625000000000	   
10 10108	         10050.062500000000000	   
10 10109	         23889.566406250000000	   
10 10110	         13718.265625000000000	   
10 10111	         13924.000000000000000	   
10 10112	         27204.378906250000000	   
10 10113	         25921.000000000000000	   
10 10114	         19113.062500000000000	   
10 10115	         22015.140625000000000	   
10 10116	         31042.035156250000000	   
10 10117	         22425.062500000000000	   
10 10118	         31750.785156250000000	   
10 10119	         21682.562500000000000	   
10 10120	         18496.000000000000000	 
10 10121	         27390.250000000000000	   
10 10122	         23716.000000000000000	   
10 10123	         47333.441406250000000	   
10 10124	           427.972656250000000	   
10 10125	           511.890625000000000	   
10 10126	          1000.140625000000000	   
10 10127	          2220.765625000000000	   
10 10128	           930.250000000000000	   
10 10129	          1056.250000000000000	   
10 10130	           552.250000000000000	   
10 10131	          1560.250000000000000	   
10 10132	            60.062500000000000	   
10 10133	           564.062500000000000	   
10 10134	          2139.062500000000000	   
10 10135	          2328.062500000000000	   
10 10136	           370.562500000000000	   
10 10137	           915.062500000000000	   
10 10138	          3178.140625000000000	   
10 10139	           262.035156250000000	   
10 10140	           150.062500000000000	 
10 10141	          1287.015625000000000	   
10 10142	          1225.000000000000000	   
10 10143	          1838.265625000000000	   
10 10144	          2575.562500000000000	   
10 10145	             1.562500000000000	   
10 10146	          1722.250000000000000	   
10 10147	          1225.000000000000000	   
10 10148	          2244.390625000000000	   
10 10149	          3953.265625000000000	   
10 10150	          2220.765625000000000	   
10 10151	          3984.765625000000000	   
10 10152	            24.378906250000000	   
10 10153	            47.265625000000000	   
10 10154	            78.765625000000000	   
10 10155	          1630.140625000000000	   
10 10156	          2929.515625000000000	   
10 10157	          5494.515625000000000	   
10 10158	          4241.265625000000000	   
10 10159	          3436.890625000000000	   
10 10160	          1453.515625000000000	   
10 10161	             0.015625000000000	   
10 10162	          2139.062500000000000	   
10 10163	          5531.640625000000000	   
10 10164	          3277.562500000000000	   
10 10165	          2352.250000000000000	 
